rewards = [-4.67213115e-01 -7.82520325e-01 -3.32258065e+00 -1.16898148e+00
 -2.83928571e+00 -6.04022989e-01 -7.50688705e-01 -1.03488372e+00
 -2.21171171e+00 -1.91891892e+00 -1.14965986e+00  3.16272966e-01
 -6.85534591e-01  3.59477124e-02 -2.87837838e+00 -1.84313725e-01
 -1.77380952e+00 -2.01639344e+00 -4.10416667e+00 -7.50636132e-01
 -6.66666667e-01 -9.94897959e-02  9.02777778e-01 -1.15277778e+00
 -9.92907801e-01 -1.34126984e+00 -1.83760684e+00 -1.34567901e+00
 -2.26666667e+00 -1.82291667e+00 -6.47869674e-01 -1.61764706e+00
 -1.86764706e+00 -1.51785714e+00 -1.31439394e+00 -5.90425532e-01
 -5.36111111e-01 -2.63157895e+00 -2.89473684e+00 -1.70535714e+00
 -2.57575758e-01 -2.23684211e+00 -2.75757576e+00 -8.03921569e-01
 -2.48750000e+00 -1.29230769e+00 -1.89583333e+00 -2.52564103e+00
 -2.99382716e+00 -2.85937500e+00  1.29629630e-02 -4.49579832e-01
 -8.38235294e-01 -5.93971631e-01 -3.96153846e+00 -9.75757576e-01
 -1.71052632e+00 -1.30168776e+00 -7.14285714e-01 -3.41666667e+00
 -2.41428571e+00 -2.44444444e+00 -2.22972973e+00 -8.55072464e-01
 -1.48214286e+00 -1.98888889e+00 -2.29901961e+00 -2.70000000e+00
 -3.09523810e+00 -1.70754717e+00 -2.78877888e-01 -2.83870968e+00
 -1.65853659e+00 -3.48076923e+00 -3.57142857e+00 -5.29279279e-01
 -4.27272727e+00 -5.55555556e+00 -6.90909091e-01 -3.48000000e+00
 -2.10555556e+00 -1.97674419e+00 -1.35930736e+00 -1.13207547e+00
 -2.57575758e+00 -1.35380117e+00 -6.18655693e-01 -2.01633987e+00
 -3.23333333e+00 -2.69135802e+00 -5.88308458e-01 -2.23888889e+00
 -1.39090909e+00 -1.98924731e-01 -2.59375000e+00 -1.90789474e+00
 -4.10416667e+00 -1.94047619e+00 -3.00000000e+00 -1.26363636e+00
 -2.34285714e+00 -4.13043478e+00  2.56272401e-01 -2.19230769e+00
 -4.28260870e+00 -5.51515152e-01 -1.87777778e+00 -2.20512821e+00
 -3.31666667e+00 -3.04022989e+00 -3.02298851e+00 -1.34920635e+00
 -8.11111111e-01 -1.11475410e+00 -2.64583333e+00 -3.86538462e+00
 -3.06666667e+00 -1.23404255e+00 -1.95967742e+00 -1.72641509e+00
 -2.84285714e+00 -3.40322581e+00 -2.54054054e+00 -2.26666667e+00
 -2.06862745e+00 -6.20253165e-01 -2.14529915e+00 -3.67307692e+00
 -2.29687500e+00 -4.72500000e+00 -3.48214286e+00 -1.51282051e+00
 -5.82352941e+00 -3.80434783e+00 -2.26666667e+00 -3.57142857e+00
 -4.72500000e+00 -6.12500000e+00 -1.23786408e+00 -1.67741935e+00
 -2.19540230e+00 -2.82894737e+00 -1.24768519e+00 -4.72500000e+00
 -3.11764706e+00 -3.39655172e+00 -3.57142857e+00 -7.38095238e-01
 -4.20833333e+00 -4.34782609e+00 -1.29032258e+00 -2.84615385e+00
 -3.92857143e+00 -3.00000000e+00 -3.75925926e+00 -2.06944444e+00
  2.42138365e-01  5.37037037e+00 -1.42528736e+00 -3.15476190e-01
 -4.13043478e+00 -3.66071429e+00 -4.84848485e-01  7.74336283e-01
 -4.00000000e+00 -1.22083333e+00  1.29432624e-01 -1.60000000e+00
 -5.67647059e+00 -4.28030303e+00 -1.99509804e+00 -3.65517241e+00
 -5.18421053e+00 -4.85000000e+00 -2.59259259e+00 -9.90099010e-01
 -3.57246377e+00 -1.63392857e+00 -2.00456621e+00 -4.13043478e+00
 -1.79245283e+00 -1.10798122e+00  3.89705882e-01 -2.35099338e-01
 -1.30909091e+00 -4.34782609e+00 -2.49186992e+00 -3.32812500e+00
 -2.27192982e+00 -4.64814815e+00 -1.55339806e+00 -2.11666667e+00
 -2.11111111e+00 -4.74025974e-01 -4.68253968e-01 -9.91666667e-01
 -4.15909091e+00 -4.78571429e+00 -3.75925926e+00 -4.29577465e-01
 -3.15000000e+00 -1.74404762e+00 -1.85185185e-03 -5.18421053e+00
 -1.82608696e+00 -3.42261905e-01 -3.57407407e+00 -1.16666667e+00
 -2.74583333e+00 -4.31250000e+00 -6.96969697e-02 -5.89333333e-01
 -5.18421053e+00 -4.72727273e+00 -2.93981481e+00 -1.34000000e+00
 -1.13087248e+00 -3.20833333e+00 -1.37500000e+00 -1.84090909e+00
 -3.29629630e+00 -1.57170543e+00 -2.57142857e+00 -3.32258065e+00
 -3.78000000e+00 -4.50000000e+00 -4.85000000e+00 -4.08000000e+00
 -3.78000000e+00 -2.59375000e+00 -1.31481481e+00 -4.02173913e+00
 -4.45652174e+00 -3.61594203e+00 -2.85185185e+00  1.42543860e+00
  9.14468864e+00 -4.85000000e+00  7.57954545e+00  6.73758865e-02
 -5.27777778e+00 -3.94444444e+00 -2.89705882e+00 -4.65789474e+00
 -4.84090909e+00 -5.06493506e-01 -3.48148148e+00 -1.58181818e+00
 -4.61363636e+00 -3.48387097e+00 -1.49137931e+00 -1.92500000e+00
 -4.50000000e+00 -3.26470588e+00 -4.08000000e+00 -5.41666667e+00
 -8.36257310e-01 -3.02450980e+00 -2.36842105e+00 -5.11111111e-01
 -3.04411765e+00 -2.44791667e+00 -4.52173913e-01 -6.04166667e-01
 -4.66666667e+00 -3.83928571e+00 -4.69892473e-01 -2.72727273e+00
 -5.18421053e+00 -4.45652174e+00 -9.09836066e-01  1.19672131e+00
  3.56060606e+00 -1.73684211e+00 -9.91803279e-01 -3.21428571e+00
 -1.98529412e+00 -1.32638889e+00 -1.57598039e+00 -2.27272727e+00
 -2.60526316e+00 -2.65873016e+00 -3.17187500e+00 -5.26729560e-01
 -6.46031746e-01 -5.00000000e+00 -3.12857143e+00 -8.48739496e-01
  6.03211009e-01 -2.65517241e+00 -4.17948718e-01 -2.81707317e+00
 -3.48437500e+00 -8.97003745e-01 -2.32222222e+00 -2.44444444e+00
 -2.65822785e-01 -5.55555556e+00 -4.13043478e+00 -4.13043478e+00
 -1.94852941e+00 -2.65476190e+00 -3.26470588e+00 -4.18000000e+00
 -6.12179487e-01  1.06113033e-01 -1.98333333e+00 -4.23913043e+00
 -2.10000000e+00 -2.84946237e-01 -3.13888889e+00 -4.21527778e+00
 -1.59289617e+00 -2.17013889e+00 -1.91111111e+00 -5.55555556e+00
 -2.54054054e+00 -3.30357143e+00 -4.66666667e+00 -4.50000000e+00
 -2.26595745e+00 -7.30392157e-01 -2.34782609e+00 -4.66666667e+00
 -4.27272727e+00 -3.25757576e+00  6.40221402e-01  1.19047619e-01
 -2.58333333e+00 -2.72727273e-01 -1.71818182e+00  1.72727273e+00
 -1.32926829e+00 -1.12121212e+00 -4.54761905e+00 -8.85869565e-01
 -5.97058824e+00 -1.21518987e+00 -2.01136364e+00 -4.90476190e+00
 -4.00666667e+00  4.22222222e+00  7.42424242e-01  6.72340426e+00
 -3.85185185e+00 -6.86868687e-02 -2.20000000e+00 -5.67647059e+00
 -2.48750000e+00 -3.66666667e+00 -3.16666667e-01 -3.66071429e+00
 -6.78431373e-01 -5.67647059e+00 -1.79356061e+00 -4.00000000e+00
 -5.41666667e+00 -3.16129032e+00 -5.55555556e+00 -1.45192308e+00
 -2.24193548e+00 -1.89344262e+00 -2.69318182e+00 -3.39655172e+00
 -1.78888889e+00 -2.22033898e+00 -5.41666667e+00 -4.23913043e+00
 -9.31159420e-01 -3.75000000e+00 -4.66666667e+00 -7.71406728e-01
 -1.51492537e+00 -4.09027778e+00  2.86250000e+00  7.78787879e+00
 -7.87878788e-01 -1.92968750e+00 -2.03488372e+00 -1.79710145e+00
 -8.33333333e-01 -1.80000000e+00 -2.36842105e-01 -5.13698630e-01
 -8.39506173e-01 -9.41176471e-01 -5.55555556e+00 -2.40112994e-02
 -5.30303030e-01 -1.74657534e+00 -1.51923077e+00 -3.09375000e+00
 -2.10000000e+00 -3.88000000e+00 -9.02439024e-01 -5.36000000e-01
 -1.99285714e+00 -1.39516129e+00 -4.22641509e-01 -5.37356322e-01
 -3.83928571e+00 -9.98095238e-01 -2.85937500e+00 -2.01960784e+00
 -1.42782152e+00 -1.51923077e+00 -2.44270833e+00 -3.01562500e+00
 -9.51807229e-01 -7.23379630e-01 -4.23913043e+00 -3.92857143e+00
 -2.62068966e+00 -5.90594744e-01 -1.28632479e+00 -2.84285714e+00
 -1.77049180e+00 -3.28846154e+00 -5.82352941e+00 -3.08333333e+00
 -5.18421053e+00 -2.05000000e+00 -1.08860759e+00 -5.82352941e+00
 -3.92857143e+00 -3.21052632e+00 -4.02173913e+00 -3.38461538e+00
 -3.17187500e+00 -3.83928571e+00 -4.18000000e+00 -5.18421053e+00
 -5.77181208e-01 -2.09737828e-01 -5.18421053e+00 -1.01818182e+00
  5.25824176e+00 -2.91025641e+00 -1.95192308e+00 -1.03448276e-01
  2.54237288e-01 -2.86111111e+00 -4.97500000e+00 -2.01515152e+00
 -1.77011494e+00 -1.56250000e+00  1.08695652e-02  3.29733333e+00
 -3.98000000e+00 -2.91025641e+00 -4.61363636e+00 -1.50000000e+00
 -1.69811321e+00  2.08168317e+00 -9.06250000e-01 -4.41666667e+00
 -2.14423077e+00 -5.31578947e+00 -8.31168831e-01 -2.03488372e+00
  1.05348837e+01  2.50000000e-01  3.40000000e-02 -1.53431373e+00
  3.45528455e-01 -4.07563025e-01 -1.08860759e+00 -3.40322581e+00
 -2.83870968e+00 -2.73750000e+00 -9.95000000e+00 -2.73750000e+00
 -6.30000000e+00 -6.12500000e+00 -6.46666667e+00 -1.23630137e+00
 -1.34306569e+00 -4.66666667e+00 -9.68750000e-01 -4.41666667e+00
 -5.55555556e+00 -3.83928571e+00 -2.81707317e+00 -2.51388889e+00
 -4.78571429e+00 -2.19230769e+00 -3.18000000e+00 -7.50000000e+00
 -6.30000000e+00 -6.85714286e+00 -7.50000000e+00 -6.28125000e+00
 -3.09375000e+00  8.25925926e-01 -3.92857143e+00 -3.03571429e+00
 -2.58333333e+00 -9.61538462e-01  6.25000000e-03 -3.82758621e+00]
num_steps = [ 61.  82.  31.  72.  28. 290. 121.  43.  37.  37.  49. 127. 106.  51.
  37.  85.  42.  61.  24. 131.  69. 196.  84.  60.  47.  42.  39.  54.
  35.  48. 133.  68.  34.  56.  44.  94.  60.  38.  38.  56.  77.  38.
  33. 153.  40.  65.  72.  39.  27.  32.  90. 119. 102.  94.  26.  55.
  38.  79.  56.  28.  35.  36.  37.  69.  56.  45.  34.  35.  28.  53.
 101.  31.  41.  26.  28.  74.  22.  18.  55.  25.  30.  43.  77.  53.
  33. 114. 243.  51.  30.  27. 134.  30.  55.  62.  32.  38.  24.  42.
  36.  55.  35.  23.  93.  39.  23.  55.  45.  39.  30.  29.  29.  63.
  60.  61.  32.  26.  30.  47.  62.  53.  35.  31.  37.  45.  51.  79.
  39.  26.  32.  20.  28.  39.  17.  23.  45.  28.  20.  16. 103.  31.
  29.  38.  72.  20.  34.  29.  28. 126.  24.  23. 124.  39.  28.  36.
  27.  36. 106. 288.  87.  56.  23.  28.  55. 113.  24.  80. 188.  65.
  17.  22.  34.  29.  19.  20.  36. 101.  23.  56.  73.  23.  53.  71.
 136. 151.  55.  23.  41.  32.  38.  18. 103.  60.  36.  77. 189.  60.
  22.  21.  27.  71.  30.  56.  90.  19.  69. 112.  27.  87.  40.  24.
  55. 250.  19.  22.  36.  50. 149.  32.  92.  44.  27.  86.  49.  31.
  25.  22.  20.  25.  25.  32.  54.  23.  23.  23.  27.  38.  91.  20.
  44.  94.  18.  27.  34.  19.  22.  77.  27.  55.  22.  31. 116.  40.
  22.  34.  25.  18. 171.  34.  38. 135.  34.  48. 115.  56.  21.  28.
 155.  33.  19.  23.  61.  61.  66.  57.  61.  28.  68.  96.  68.  22.
  19.  42.  32. 212. 105.  18.  35. 119. 218.  29. 195.  41.  32.  89.
  45.  36.  79.  18.  23.  23.  68.  42.  34.  25. 156. 289.  50.  23.
  60.  31.  36.  24.  61.  48.  90.  18.  37.  28.  21.  22.  47. 102.
  46.  21.  22.  33. 271. 126.  36. 121.  55.  22.  41.  88.  21.  92.
  17.  79.  44.  21.  25.  18.  33.  47.  27. 165.  35.  17.  40.  27.
 110.  28.  85.  17.  88.  24.  18.  31.  18. 104.  62.  61.  44.  29.
  75.  59.  18.  23. 230.  28.  21. 218.  67.  24.  80.  33.  99.  64.
  43.  69.  65.  40.  76.  73.  81.  51.  18. 118.  77.  73.  52.  32.
  45.  25.  82. 125.  70.  62. 265. 174.  28. 175.  32.  51. 127.  52.
  32.  32. 166. 144.  23.  28.  29. 241.  39.  35.  61.  26.  17.  24.
  19.  40.  79.  17.  28.  38.  23.  26.  32.  28.  25.  19. 149. 178.
  19.  55.  91.  39.  52.  87. 118.  36.  20.  66.  87.  48.  92. 125.
  25.  39.  22.  49.  53. 202. 112.  24.  52.  19.  77.  43.  43.  28.
 250. 102. 123. 119.  79.  31.  31.  40.  10.  40.  15.  16.  15. 146.
 137.  21.  96.  24.  18.  28.  41.  36.  21.  52.  25.  13.  15.  14.
  13.  16.  32.  45.  28.  28.  36. 143.  80.  29.]


  rewards = [ 0.85369603 -0.38628924  0.28776754  1.56917689  1.16495902  0.77427413
  2.25979957  0.85360285  0.29591818  1.21453885 -0.42054324  1.30773481
  1.45075596  1.66787377  1.13136315 -0.68090113  0.56594913 -0.37513802
  1.68876704  1.67224775  1.95575486  2.11748066  0.76464553  1.53047677
  0.10163143 -0.87694114  0.93207789  1.48891519 -1.06050098 -0.36274013
  1.24744619  0.90527849  0.68290608  1.40834219 -0.32129774 -1.64945821
 -0.81107613  0.76627589  0.77024933  1.23295706  0.9469942   0.05303745
 -1.31479437 -1.49885728  1.3296036  -0.55942213  0.96022139  1.0015622
 -0.84131568  1.3645777  -0.27137632  1.28364069  1.0271589  -0.14011041
 -2.0950443  -0.2087114  -0.40822473 -0.76124629 -0.60821677 -1.70966639
 -1.91228613  1.04439489  1.24922353  0.16031035  1.84880814 -0.76292999
  0.54960541 -0.82934875 -0.47740875  0.49107244 -0.93372333 -0.59485056
 -1.04308771 -0.8644192  -1.81464475  0.35770414 -1.43080083 -1.35181329
 -0.26045565  0.45057791 -1.19052997 -0.40199405 -0.15542693  0.86336181
 -0.13033741 -1.35216441  0.01448693 -2.71018149 -0.70913631 -1.85147241
 -0.24127009 -0.79805399 -0.36962624  1.37690262 -0.43604826 -1.88624882
 -1.16172158 -0.29932038 -1.64949493  0.60072987  0.09631951  0.7074805
  1.71296528 -1.39287972 -0.82070086  0.87348263 -0.01027225  1.40608172
  1.72438464 -0.00718654 -0.49623989 -0.33711489 -0.59873856  1.55028096
 -0.99731345 -0.29424098 -1.47826238 -0.67298258 -2.70673122 -0.0976933
 -0.898074   -0.61211812 -2.98171411  0.49679385  0.20245889 -1.39950891
 -1.88985578 -0.34100588 -1.24082909 -0.29136542  0.27448136  0.56823287
 -1.06623342  1.81186087 -0.18986763 -1.68831305  1.07710187 -1.01987987
 -0.79197156 -1.39889287 -2.50899234 -0.07779447  1.42502768 -0.32741219
 -0.68848687 -0.37822657 -1.50061593  1.81760448 -1.5362541  -2.09059482
 -0.72434368  0.45964175 -3.02607813 -1.65150358 -1.47878152  0.08817483
  1.12208407  1.22603985  1.50919325 -0.75534326 -1.07847586  0.38145749
  1.54786287  1.32530654  0.88844777 -0.29548263  1.18960549 -2.59931227
 -1.28954288 -2.30809222 -2.03840172 -0.60009814  1.32398228 -0.76270786
 -1.42136666  1.11525361 -0.41630357  1.24744257 -2.52353463 -2.15696518
  0.09280556 -0.126171    1.45889631  0.73773014 -0.50631567  1.98872573
 -3.0079955  -0.96475602 -2.53879009 -1.68730414  2.05043941  1.59461496
 -1.22283965  1.62449252 -0.33906019 -4.01026997 -0.63019903  0.66023776
  1.00587043 -2.23260772 -2.06452012  0.42844409  1.30199959 -1.13544344
 -1.8063459   0.77167286 -2.78436475 -1.23943376 -0.89749545 -2.98161076
  0.38295871  0.51658998 -1.64582568 -2.39423701 -1.53873881 -1.42235496
 -0.20903306 -1.27203991  1.57208841  1.81102347  1.58285621 -1.92549169
  1.14660088 -2.11681527  1.42897411 -0.49416626  0.14864693 -1.46197838
  0.65973216 -0.08553431  1.95399373 -1.50305525  0.43711582 -2.6904864
  0.29952574  0.31046035  0.48143856 -1.14153054  1.6736938   1.90395049
 -0.24920918 -2.02184438  2.201195    1.6278976   0.65704079 -0.24176925
 -1.22813485  1.25858876 -2.20732282  0.29877364 -1.11867691 -3.70923081
 -3.26203177 -2.90127082 -2.193234   -2.12560867 -1.92838654 -1.38071534
 -0.21982175  0.35287856 -2.00210842 -0.72431734  1.04935865  0.10973614
 -2.28972266 -1.07294738  0.25417104  1.98177368 -1.59443747  0.28389269
 -0.02301289  1.55632354  0.88730141  0.96207404  0.74498743 -0.24387499
  0.31058761  0.68969523  0.54100677 -2.76336359  1.34040551  1.60591295
 -0.8214164  -0.95462589  1.99464327 -1.25141536 -1.75714782  1.31940999
  1.63663019  0.70513405  1.1039123  -4.25398222 -4.01228289 -3.28771908
 -0.30027306 -3.18269875 -2.29217361 -2.0784596   0.76543305 -2.81591994
 -1.75387963 -2.81778205 -1.26493966 -2.58604182 -2.23503473  2.08585794
 -2.27332967 -3.70139679 -1.27674453  1.36534328 -1.10623249  2.11917981
 -1.84566277 -2.48524292 -1.48640052 -1.52120899  1.22245786 -0.21332272
  1.9512325  -1.67686749  0.4012955  -1.9564599   0.9481328  -0.29897062
  0.01222622 -1.71464817 -1.92626902 -3.02173209 -0.64970974  0.52106179
  1.6670008  -1.14969362  0.22878388  0.33299383  0.40556412 -2.02948475
 -1.88943079  0.80896217 -4.78766494 -4.61581513 -1.03239678 -3.23779036
 -2.96509159 -1.89385    -2.83436488  0.86297294  0.94597132 -3.35754585
 -4.29587684 -4.18128464 -4.08609682 -4.60811579 -1.73346215  1.17332861
  1.09884609  0.26272012 -1.94795553  1.14226786 -2.28194483 -1.44603655
 -0.9954732  -1.30141536  1.63755533  1.62250822  1.53818738  0.63899137
 -1.16779511  2.35293486 -2.89521096 -1.22160703 -2.80179614  2.54238841
  1.16430622 -1.08408235 -4.38004223 -4.43478282 -3.4158508  -0.17762459
  1.29104498  0.20670127  0.9625353   0.46885146 -3.29605878 -0.64605543
  1.91579503 -0.0793218  -0.95731955 -1.38671825 -1.07974526  2.03832866
 -0.03186675  0.03865179  1.21472851 -2.58101822  1.84132066  2.11305665
  1.29318732 -1.72717776  0.8834087  -1.98279101 -0.66500534  2.45663827
  1.54933859 -0.81433933  0.84961214 -0.9863059  -2.24763941  1.24528024
  0.54122334 -0.0133788   2.14666558 -0.72866724 -1.03816308  2.62884764
 -1.94101913  0.61268634  0.2734686  -0.39539109 -3.109829    0.18241835
 -3.26980071 -0.74431381 -0.07311014 -4.83364138 -0.79123191 -0.66409609
  1.08586216 -1.08538514  1.72708091 -1.91259117 -2.74552272  2.17495865
 -3.31199025 -1.73661945 -3.83789871  0.07819868  1.69303765  2.19225473
  0.55429879  1.20290977 -0.95599546 -1.61456558 -2.6267853   1.55579199
 -1.61797381  0.26302313  1.38933827 -0.05014056 -2.55143743 -1.35406628
 -2.12898708 -0.24707602  1.10795118  2.0625974   1.12222821 -1.83941303
 -2.83708552 -2.79013219 -1.52294159  1.51634925 -1.90943137 -0.52603806
  0.26395781  1.62546161 -1.23606024  2.07067607  1.95840105  0.23693481
  1.29962186 -5.23513098  0.27629643  0.19756757 -0.94347627 -2.14038805
  0.62268442  0.20374294  1.01278631 -1.0763708   1.77206611 -1.85708943
 -0.42974209 -1.03122052 -0.66245241 -1.62703177 -2.65351963  0.64520837
  0.17085253 -0.24480577 -2.18037153 -2.37842248 -0.62844665 -2.06099466
 -3.01120852  0.62462332 -3.24623056 -1.64141054 -0.10809616  1.2688375
 -1.75247058 -5.23673094]
num_steps = [ 66.  35.  52. 128. 115.  63. 332.  59.  75.  73.  35.  79. 177.  90.
  70.  33.  52.  36. 195.  91.  94. 144.  52.  85.  37.  36.  72. 129.
  32.  37. 102.  59.  51.  85.  37.  22.  32.  56.  54.  62.  53.  47.
  25.  25.  69.  34.  58.  60.  34.  68.  40.  83.  94.  35.  23.  35.
  35.  30.  33.  28.  22.  55.  55.  40.  78.  39.  59.  37.  30.  44.
  26.  38.  31.  28.  23.  51.  25.  30.  45.  53.  28.  36.  56.  53.
  31.  32.  56.  20.  28.  24.  34.  32.  35.  58.  38.  24.  26.  43.
  25.  63.  42.  62.  79.  25.  30.  53.  49. 113.  85.  40.  39.  32.
  36.  89.  36.  37.  29.  35.  18.  34.  33.  32.  18.  59.  71.  27.
  26.  31.  27.  44.  42.  60.  33.  93.  49.  24.  76.  32.  35.  27.
  19.  44. 101.  39.  30.  35.  32. 111.  24.  21.  33.  41.  18.  24.
  25.  41.  64. 132.  71.  32.  30.  47. 122.  98.  61.  40.  63.  18.
  25.  21.  20.  32.  88.  33.  29. 163.  40.  61.  20.  22.  49.  37.
 154. 101.  56. 143.  17.  24.  19.  30. 235. 123.  30.  70.  30.  15.
  36.  50. 107.  20.  22.  66.  56.  25.  24.  59.  19.  25.  39.  18.
  49.  45.  23.  20.  22.  24.  41.  26.  59. 120.  79.  21.  80.  21.
 106.  31.  51.  28. 121.  54. 198.  28.  61.  19.  42.  49.  63.  35.
 118. 108.  38.  23. 105. 106.  51.  36.  31.  75.  21.  47.  27.  15.
  17.  17.  24.  21.  26.  30.  43.  85.  25.  33.  99.  46.  24.  35.
  78.  99.  26.  49.  35. 127. 189.  49.  51.  35.  61.  64.  81.  19.
 137. 100.  29.  33. 154.  25.  24. 102.  60.  41.  75.  14.  14.  16.
  25.  15.  21.  20.  44.  19.  22.  18.  27.  20.  21. 290.  18.  15.
  40.  90.  27. 147.  21.  19.  28.  34.  74.  29.  77.  28.  86.  21.
  57.  45.  38.  32.  21.  17.  45.  63. 207.  36.  60.  61.  44.  21.
  22.  46.  13.  13.  30.  16.  18.  24.  19. 126.  85.  16.  15.  14.
  14.  13.  36. 264.  53.  48.  31.  81.  20.  29.  32.  26.  99. 197.
 205.  70.  47. 372.  20.  34.  20. 169. 211.  27.  14.  14.  16.  57.
  68.  37. 173.  66.  16.  33. 293.  37.  30.  25.  27. 138.  75.  81.
  92.  20. 122. 119.  79.  24. 137.  28.  39. 191. 118.  35.  62.  29.
  20.  51.  73.  40. 149.  49.  29. 274.  22.  61.  87.  50.  19.  47.
  17.  32.  47.  13.  34.  32.  51.  33.  57.  20.  18. 175.  17.  31.
  15.  39.  99. 132. 229. 189.  31.  31.  20. 154.  27.  75.  77.  33.
  26.  33.  30.  45.  60. 184.  80.  25.  19.  20.  24. 111.  25.  34.
  38. 177.  25. 116. 124.  68.  65.  12.  41.  44.  32.  22.  49. 128.
  54.  31. 319.  22.  34.  29.  39.  26.  20.  94.  42.  54.  27.  20.
  47.  26.  18.  49.  17.  23.  46.  65.  22.  12.]